front-high
  y  left/native  right/native
  37   -2.9 / -2.9 (+0.0)     2.7 /  3.0 (+0.3)
  35   -3.4 / -3.8 (-0.4)     3.5 /  3.8 (+0.3)
  33   -3.5 / -4.2 (-0.7)     3.6 /  4.1 (+0.5)
  31   -4.2 / -4.5 (-0.3)     4.5 /  4.4 (-0.1)
  29   -5.5 / -5.8 (-0.3)     5.3 /  5.7 (+0.4)
  27   -6.3 / -6.4 (-0.1)     6.3 /  6.5 (+0.2)
  25   -7.4 / -7.4 (+0.0)     6.8 /  7.0 (+0.2)
  23   -7.8 / -8.1 (-0.3)     6.9 /  7.4 (+0.5)
  21   -8.7 / -8.7 (+0.0)     7.2 /  8.0 (+0.8)
  19   -9.4 / -9.1 (+0.3)     8.6 /  9.3 (+0.7)
  17   -9.9 / -9.3 (+0.6)     9.2 /  9.6 (+0.4)
  15  -10.7 / -9.7 (+1.0)     9.5 /  9.8 (+0.3)
  13  -10.3 /-11.1 (-0.8)    10.1 / 11.1 (+1.0)
  11  -11.5 /-11.2 (+0.3)    10.8 / 11.1 (+0.3)
   9  -11.3 /-10.9 (+0.4)    10.7 / 10.8 (+0.1)
   7  -10.1 /-10.0 (+0.1)    10.0 / 10.1 (+0.1)
   5  -10.4 /-10.1 (+0.3)    11.0 / 10.2 (-0.8)
   3  -10.4 / -9.9 (+0.5)    10.4 / 10.0 (-0.4)
   1   -7.7 / -9.3 (-1.6)     8.6 /  9.4 (+0.8)
right-high
  y  back/native  front/native
  37    3.1 /  2.7 (-0.4)     8.5 /  7.8 (-0.7)
  35    2.3 /  2.3 (+0.0)     8.5 /  8.6 (+0.1)
  33    1.7 /  1.6 (-0.1)     7.5 /  8.0 (+0.5)
  31    1.3 /  1.1 (-0.2)     5.8 /  6.7 (+0.9)
  29    0.9 /  0.7 (-0.2)    12.2 / 11.3 (-0.9)
  27    0.6 /  0.4 (-0.2)    10.9 / 11.0 (+0.1)
  25    0.6 /  0.2 (-0.4)    11.6 / 11.0 (-0.6)
  23    0.5 /  0.0 (-0.5)    10.8 / 11.1 (+0.3)
  21    0.1 /  0.0 (-0.1)    11.3 / 11.7 (+0.4)
  19    0.0 /  0.0 (+0.0)    11.4 / 11.9 (+0.5)
  17   -0.0 /  0.0 (+0.0)    12.0 / 11.6 (-0.4)
  15    0.1 /  0.0 (-0.1)    11.9 / 11.7 (-0.2)
  13    0.2 /  0.0 (-0.2)    11.8 / 11.7 (-0.1)
  11    0.0 /  0.0 (+0.0)    12.1 / 11.8 (-0.3)
   9   -0.1 /  0.0 (+0.1)    11.8 / 11.8 (+0.0)
   7   -0.2 /  0.0 (+0.2)    13.5 / 11.9 (-1.6)
   5    0.1 /  0.0 (-0.1)    13.3 / 12.8 (-0.5)
   3   -1.5 /  0.0 (+1.5)    12.3 / 12.0 (-0.3)
   1    0.5 /  0.0 (-0.5)    10.3 / 11.5 (+1.2)
left-high
  y  back/native  front/native
  37    4.5 /  2.7 (-1.8)     9.0 /  7.8 (-1.2)
  35    4.0 /  2.3 (-1.7)     8.8 /  8.6 (-0.2)
  33    2.8 /  1.6 (-1.2)     8.3 /  8.0 (-0.3)
  31    2.3 /  1.1 (-1.2)    11.3 / 11.3 (+0.0)
  29    1.7 /  0.7 (-1.0)    11.9 / 11.2 (-0.7)
  27    1.5 /  0.4 (-1.1)    11.1 / 11.0 (-0.1)
  25    1.2 /  0.2 (-1.0)    11.6 / 11.1 (-0.5)
  23    0.5 / -0.0 (-0.5)    10.8 / 11.0 (+0.2)
  21    0.4 / -0.0 (-0.4)    10.9 / 11.9 (+1.0)
  19    0.2 / -0.0 (-0.2)    11.0 / 10.9 (-0.1)
  17   -0.0 / -0.0 (+0.0)    11.3 / 11.7 (+0.4)
  15   -0.1 / -0.0 (+0.1)    11.8 / 11.7 (-0.1)
  13   -0.1 / -0.0 (+0.1)    11.8 / 11.7 (-0.1)
  11   -0.0 / -0.0 (+0.0)    12.2 / 11.8 (-0.4)
   9   -0.1 / -0.0 (+0.1)    12.5 / 11.8 (-0.7)
   7   -1.4 / -0.0 (+1.4)    11.8 / 11.9 (+0.1)
   5   -1.6 / -0.0 (+1.6)    12.6 / 12.8 (+0.2)
   3   -2.1 / -0.0 (+2.1)    11.8 / 12.0 (+0.2)
   1   -1.3 /  0.0 (+1.3)    10.7 / 11.5 (+0.8)
