photograph 0 outline 34.4 cm wide at 45.7 cm high; mesh 38.1 cm; stretch 1.107
y cm | photograph left..right | mesh left..right | mesh / stretch | difference after removing the stretch
  1.5 |  -14.8   15.6 |  -15.9   16.9 |  -14.4   15.3 |  +0.4  -0.3
  4.0 |  -14.3   14.4 |  -15.6   16.2 |  -14.1   14.7 |  +0.2  +0.3
  6.5 |  -16.9   13.7 |  -19.0   16.6 |  -17.2   15.0 |  -0.3  +1.3
  9.0 |  -14.6   15.1 |  -16.1   16.7 |  -14.6   15.1 |  +0.0  +0.0
 11.5 |  -15.1   15.6 |  -16.7   17.1 |  -15.1   15.5 |  +0.0  -0.1
 14.0 |  -11.1   15.3 |  -12.4   17.1 |  -11.2   15.4 |  -0.1  +0.1
 16.5 |  -11.0   14.8 |  -12.0   17.0 |  -10.9   15.4 |  +0.1  +0.6
 19.0 |  -10.6   14.6 |  -11.6   16.5 |  -10.5   14.9 |  +0.1  +0.3
 21.5 |  -10.4   15.0 |  -11.4   17.4 |  -10.3   15.8 |  +0.1  +0.8
 24.0 |  -10.3   16.5 |  -11.2   18.2 |  -10.2   16.5 |  +0.1  +0.0
 26.5 |  -10.2   17.1 |  -11.1   19.0 |  -10.0   17.2 |  +0.2  +0.1
 29.0 |   -9.9   16.5 |  -10.5   17.9 |   -9.5   16.2 |  +0.4  -0.3
 31.5 |   -9.0   13.2 |   -9.6   11.5 |   -8.7   10.4 |  +0.3  -2.8
 34.0 |   -6.8    8.3 |   -7.7   10.5 |   -7.0    9.5 |  -0.2  +1.2
 36.5 |   -4.7    7.3 |   -5.4    9.4 |   -4.9    8.5 |  -0.2  +1.2
 39.0 |   -2.2    5.8 |   -2.8    6.8 |   -2.6    6.1 |  -0.4  +0.3
 41.5 |   -2.1    5.6 |   -2.4    6.2 |   -2.2    5.6 |  -0.1  +0.0
 44.0 |   -1.2    4.5 |   -1.3    4.7 |   -1.2    4.3 |  +0.0  -0.2
mean |difference| 0.36 cm, worst 2.8 cm at y 31.5
rear outline against the mirrored front outline: 3 of 447738 pixels differ
