#format: frame checksums
#version: 2
#hash: SHA256
#software: Lavf60.16.100
#tb 0: 1/24
#media_type 0: video
#codec_id 0: rawvideo
#dimensions 0: 960x960
#sar 0: 0/1
#stream#, dts,        pts, duration,     size, hash
0,          0,          0,        1,  1382400, 28a2f71594a42e071ad0b26dd85f0fb2ee4d478e5a1b88af43d982bfdb9925d7
0,          1,          1,        1,  1382400, 27b6660f3a6f0f1d9a0339914e512c3f5e0865bcc9dcf923ba67d4bd78da39a0
0,          2,          2,        1,  1382400, dfc762d0b08942984bb269f7bf1a64f3c402d6fed57679f7e441ea6ba7d763b6
0,          3,          3,        1,  1382400, 895830c00e1a5b2fe4e60d5e349a3734835da5f681761be82f7693572779d0b6
0,          4,          4,        1,  1382400, c8c09d09b5139685dbfbb58d0785c77b821216dc72304a5dcca6e2da8d19749a
0,          5,          5,        1,  1382400, 64858754ee06e67a27bca73c71f371cba99848f270d8ccc705c87f42b2f61e91
0,          6,          6,        1,  1382400, 8e8e34e4f88085bb1bf50cb36ed6330be0b43354019d5f33c07b5c3b62d99e86
0,          7,          7,        1,  1382400, 58ba67be275a81d62b6dde577749fa3aa8a81788187472aa374ad13ac9dfe958
0,          8,          8,        1,  1382400, bb310d52d54a2b0abb9a9c1158fc78549d7b98c6eff16ff5f4c460ac98699748
0,          9,          9,        1,  1382400, be9fb9b6264476aba9018049d49139baef7a59ae7ca162612aeb495cb3995ff0
0,         10,         10,        1,  1382400, 42d574fe68b2891477c53912dfb73321536b9524b3ee95cd57b2780cbc9bbe7e
0,         11,         11,        1,  1382400, 3c66026fcca3230fcdcdae0e1f51ca49b83c558e3fc4a61b00edc17b2480a949
0,         12,         12,        1,  1382400, daa7268914d397a80575e65ac85865e1491faa41afcfa1cf7ebd26f3378153a7
0,         13,         13,        1,  1382400, f4cc7152a436673769cf38d5184823acb11662fef7d8bbecc67c9d0ada8e1f87
0,         14,         14,        1,  1382400, a44834eeaf79e26ad5a6c4f3def70554732110233eeeff5d90f0901b352c7557
0,         15,         15,        1,  1382400, 3c1443b92eb640c549cd7cb30c31512c6065ed068030d87385eada5af28f8398
0,         16,         16,        1,  1382400, 990676f9ddfbb3af644cbbbb3bf151d21f29274ea8f34a88e4afeca3de7a8217
0,         17,         17,        1,  1382400, eb3e7f3448cbdd60b67bab863cd4fc258c4212d1d073e81cc1096ae22cb10334
0,         18,         18,        1,  1382400, 26e5f3ae6a10d13edf4b02ec6df862547e48de93587e334cb544a8c021f99a12
0,         19,         19,        1,  1382400, a9289693b9f3a7a224bf18fdfd90abd5e7d8363ef1579f0bf31aa23fbbd3443b
0,         20,         20,        1,  1382400, c718774b49f525d3a1e2da811c64b9f1fac301ca801314159388dfd21fea64ce
0,         21,         21,        1,  1382400, 1a04fe4e1e6b13331883edd3b045cdbd4a5d476e39b38c9e6e9bb590c0a1f271
0,         22,         22,        1,  1382400, 1210769ff8c6cefb2b0e166143239f6a62317a2adaaca768aba83a55dd118845
0,         23,         23,        1,  1382400, 5b00c53bca91c8c57d8f8bf00a544ed3a8b46a9d6046f267dbc91e512ca7359a
0,         24,         24,        1,  1382400, cf76eb8e34e0ca6331d238605262046cef0491bf76cc326cecefe4898d8e72d5
0,         25,         25,        1,  1382400, 6fc4b056df67820be4e13d4c7168451702b7aa9ac0c3600f8c52a555c657ed5a
0,         26,         26,        1,  1382400, 44ef58075de2555bea18ecdd35cfb041e1e8bdb0a99b3a0f76f948705cd384cd
0,         27,         27,        1,  1382400, 7ecf6ebdf83c92a23bad2d55a4b0e4cf259f0dbb62f90ea95c6247082f05e1a6
0,         28,         28,        1,  1382400, f0e66ca743c4c8df1dbc04bae74ba908204af744c332b5dc8efdbba3450a16e0
0,         29,         29,        1,  1382400, 43a8403acff82d2ac90f003a80c717e3516c9c76734d635a196c1eea19b045a7
0,         30,         30,        1,  1382400, 770523319bed3dcefbdac32d8e52b15083f107bdc593c7a57c314a6322da2fa7
0,         31,         31,        1,  1382400, 2a29ac40f866f1192911e3aa034b6cc0531b01d0a154be3165bb1d0002994316
0,         32,         32,        1,  1382400, b2691d7d35e764d7e61526b8a37ff7a85f88f37ed16520d4fb2c79e14b7524d1
0,         33,         33,        1,  1382400, 0deaa90e51a2e1e4bec9f39bf68e60b51b9db0edb0c8f2244a161379b655e8fc
0,         34,         34,        1,  1382400, 4f0010e2d411081c57ae521fb7e38a9828184509a7fac7429890a3658f5feb78
0,         35,         35,        1,  1382400, c1df58e05c622f257154cdd270eb94dbfe5abaa6ca9f3864138c13c20f17a32d
0,         36,         36,        1,  1382400, 6a9461fc81e097dfa43de1f179f15145d653e95c4bdbebc153ce638d2f129459
0,         37,         37,        1,  1382400, 807af7bf4de0fd63d0029e5a21a63f9166ff7bf482a08968c62cf48acb66d671
0,         38,         38,        1,  1382400, e168eb910c4e8a9557cfb62f86dbfe503c15b292217d3dd957f484e06d39526a
0,         39,         39,        1,  1382400, a2b0bfcde61e75db3e5de179e3bdf761fbfcae5bfb713e322d945ddb50c89803
0,         40,         40,        1,  1382400, 642c21b6a1c13ecdb381e74ff9695f82c666ec3b77df9b25f03764ac81d1eb8d
0,         41,         41,        1,  1382400, 26c0fff42a50199145016bf516b8a92ef4cc46792cc8d7a5ede3e68a1bd999c2
0,         42,         42,        1,  1382400, 947b5d719da810e267404c9b3a21d8268f1e3d9115f659baa6e9db98adbb63cc
0,         43,         43,        1,  1382400, f4c47639a474555504d0f0df30e144ba1ec17cc58d2fd14433f4150af8de36ae
0,         44,         44,        1,  1382400, aa0bb422604d71137e74b4013ed4abd94560fa12b42f9597a2776f72f15e667b
0,         45,         45,        1,  1382400, 2c8ec4ee7803248af230d130946199c01120d4cafd9cafd9690dd15c370e4196
0,         46,         46,        1,  1382400, 326b32501e913b9ee06db9d569ea6f6ede29982a0d036c4d5c6f53adf6b20eb6
0,         47,         47,        1,  1382400, bc162dabe683f4419b1de412e8204c6df44811887377cb46f3b63d7cf68640a4
0,         48,         48,        1,  1382400, cb71e6b7d4390788a9a1f242a2bf032d4185630dcb882c6c70d3784fab5e0902
0,         49,         49,        1,  1382400, 74dadc1b67dafcaf2871a00ab3005d1c9ea781a8b00cac7329aaa4dc3a6ed846
0,         50,         50,        1,  1382400, b7fd8d7357cd0444e0ca445194ab492dc9b9508aad2028cb400c552e9c4daa74
0,         51,         51,        1,  1382400, e5863392fc973eaca905a98a7c4e9adb58c6b5b95fb4346b775bc7af7f2f938b
0,         52,         52,        1,  1382400, f0b5be703bc81fb5cd06ee38fe612b7c38dd564d17bd78408ee2a5683c04ed9d
0,         53,         53,        1,  1382400, 3ebc8e190a93a5cb6df05d0ebb73ae2200719605d6d8316bc058fdccb9f6c1e9
0,         54,         54,        1,  1382400, 8f65abec93b956c57d72df6036cc30f3c94a401d2e9369f362f7570b71b0bd65
0,         55,         55,        1,  1382400, a8fc6af93a5e8ca93a8f294c22f92a295f6e46b7a83c67aa1155565c0961173d
0,         56,         56,        1,  1382400, e858d32cb31d0db70e971def5fc0dfb9351e096f1b0c92cee8e3424d7488e8fb
0,         57,         57,        1,  1382400, 722acd2c5c519f295b9021dbc3f5f0bc992dfe5147cdac5988fcb798992a2742
0,         58,         58,        1,  1382400, 0f4c1ea9db7e2ad4d22e4003f33697a957d750e08635cfe3b9997db057919b88
0,         59,         59,        1,  1382400, cb0c8620898ddef843845205ce68ccce53a1c253949634e2b7156958d366d7c1
0,         60,         60,        1,  1382400, 60f22e855de72b36cf1d144f4d0f966e6ae9367b2775b8213e09ecc5c5bde137
0,         61,         61,        1,  1382400, abd49c7bce8c7bcba7da8c1dcdb0d494a0ccce02839c47a383c91496eae58544
0,         62,         62,        1,  1382400, 71d5ddd66c811412c3d152222110174ae9aa21f44a2895b34e4d05e1eaaedc9b
0,         63,         63,        1,  1382400, 640b62488397622acc172f188b6a678cb16563ce50dfe1af035e27c265e01305
0,         64,         64,        1,  1382400, e27b27ce39f145c7ff2fb5eefe0565669dc8da20331a132d10a2a542054fe4d8
0,         65,         65,        1,  1382400, 7d6a0ee7fba2f39790ce09e063f0aad995b8a19af76c49aee715a0a789666b63
0,         66,         66,        1,  1382400, 8d3117a5e00b14421c561b70f1524d18db4ffe4fb8436bfa6a5dea7d7a419eb8
0,         67,         67,        1,  1382400, e95cb7d9f411e62ef12507cc8fb4c10af43a5dc5b171afc45684d76485b1dc15
0,         68,         68,        1,  1382400, dc45c7606b590c5eccaf4bbbe11715ce472c2fdde13c15c362c97656bc8daf0b
0,         69,         69,        1,  1382400, 16569222ad6a363e1b29f183d713547bf4f1ed664ca2aa77f90969d4891e7525
0,         70,         70,        1,  1382400, f97a3ca37121558c3a2445b6c6e206a8d1313144bfbf0f66615473434257b412
0,         71,         71,        1,  1382400, e3518ff11b244222cb736743f22d5de10cf748da9708ea6345bd8f7bda714313
0,         72,         72,        1,  1382400, c628aabad8aef8edea3d70ab69676211a6fcb0c6c2808c0559dcf634fe19f055
0,         73,         73,        1,  1382400, 8a5d0251cc807ad4751d4756de555f6600133de479283670746222d41660adea
0,         74,         74,        1,  1382400, 96156b0ec605f4372d81fb7bce95aeef8c25f71074d8c7463a2770f2e97edaf3
0,         75,         75,        1,  1382400, 6e53281e4e08a307b5c298baf9c32763f40e6265ecfa18da32a9935fba6ca144
0,         76,         76,        1,  1382400, 2e8c7d640ccffed0ae9c05dddd2158b8b0fc33d18fdc0ea669c7e320bbbdb010
0,         77,         77,        1,  1382400, 4d0e51d63495f9d24d20f70f3131085b8e7a00374d995a0c948bf802a3dea742
0,         78,         78,        1,  1382400, 5cb0bed881d2233e9fe3ddb70d348a94b259b5992131803fa3cbce8520813eb0
0,         79,         79,        1,  1382400, b5179f0937f98766146e9c81f6f3890a66f72af9ad4d5dfe191d7a309a903f3b
0,         80,         80,        1,  1382400, acd1864267de11cfee8a3382209718c45e8eaebb75085af43f9b1b4f58cdb90b
0,         81,         81,        1,  1382400, dc7feddd7e0c866cf0c2d97fdc1e7edb0b6cf7768e38f76f0c7a7a69f99729ee
0,         82,         82,        1,  1382400, 9426642fa94041e04bf71393623b072d99be7859161af61d00c0f2b8272fd93c
0,         83,         83,        1,  1382400, 38505eefb5098884b4559800998d6ffab7ea10c449620a68cc1ca4afc7910703
0,         84,         84,        1,  1382400, 3f9df554e17741b3923f918048371cbe4790501e19daa54bf73d39ef81791776
0,         85,         85,        1,  1382400, 404318e8c3865ad29e4150f49c90295430dca85b60670e1c112e7f204cec0740
0,         86,         86,        1,  1382400, e38a64728419ad4a9e245c555e17593e01fceb1cb6334661c57f0285e2e6b749
0,         87,         87,        1,  1382400, 67ad818afd02848c5d75a7e6168046fbc75f43d4e67ee56ad7caf7fdd94cb0dc
0,         88,         88,        1,  1382400, 8d738edbce1a6b779fb8e894bff2a6773bcce2b6ca26f34a88da306e5e0feb46
0,         89,         89,        1,  1382400, 3f36125c0da655e29f55538eb21d600061d9587786c1653f8ff1996919643418
0,         90,         90,        1,  1382400, 7454cdc0eb7e5f497177257b037dfbad6930ae6447e0fa130f6488299ea096f9
0,         91,         91,        1,  1382400, ae5744d24ef1d4a0e9f0b83056cde7e3c8a1809da10289739c983cfbbea0b292
0,         92,         92,        1,  1382400, ecc72087923ed480d8d1f14c861642332a66ad02a667348f7dc6871c93663f38
0,         93,         93,        1,  1382400, c4dfd1c032554167efbb62139d23f25b5238a6aa38019a4451a0f63a9b3807ce
0,         94,         94,        1,  1382400, ca9203d30ee38e38520c8a3e0717397b186446a683f010e4573b3d585911f6d7
0,         95,         95,        1,  1382400, b8f64a409038ddcef919d85e70cb7b5cade973269a8ee43dbbbcc14a5020b296
0,         96,         96,        1,  1382400, f540de52d8e32562633c5e45c11c80419574814a221a20e97d6e737e872440c2
0,         97,         97,        1,  1382400, 7174d50f5ed8e43d7089f55daa3e7b0271b37375a25494241984f582ba04ebe2
0,         98,         98,        1,  1382400, 18dc8578a1c34948d02d234bac7098e98c6bcc043ebb136ee32bd351d8f30b94
0,         99,         99,        1,  1382400, abe21b2859e44e1a54195bbcf4b9fd5389a9e49776920a56f6f531e40dbbba61
0,        100,        100,        1,  1382400, 11cb91da957777e725b4fcf925a88733c8824c0dfaa7a232d1244883d87e0109
0,        101,        101,        1,  1382400, 25eed66e157f24774426554ceae60289f2043cae629e647bd8bbfe0e8febd3e1
0,        102,        102,        1,  1382400, ba10ea6fbd2b6c4e88669630fc93b1d11c579e6d26f7df156c688baf6c1b93cf
0,        103,        103,        1,  1382400, 36307f3e888039d573d6d81d064010765ae3ec17fc388e3a2d8e5d99491a5cbc
0,        104,        104,        1,  1382400, f9ce72e3147079ca9196c3b05fff8053653556bc8457e67188dfd4978a639c5b
0,        105,        105,        1,  1382400, ae6d5ab932a59ba927feaf80270ca9f9c145dce87c48522c70e757a6d825ff29
0,        106,        106,        1,  1382400, 66ab5aad21774ccf5e8e39de3df4644f809ff0249428255e28248854ca7f6624
0,        107,        107,        1,  1382400, 4585ce0b5897df54fb7259769f1fbfff7947b1245b3747d2a2d9c480711ffb1a
0,        108,        108,        1,  1382400, 13d7089b750dc08e014ed21695c6cd702f9c80c4a5ccf395e5a621db9a2774ff
0,        109,        109,        1,  1382400, 6cc2264edeaa22779d0d191eac747c092f1a7873732f615817649d28bb26f1e9
0,        110,        110,        1,  1382400, c55c86a0b4a69c918ae7f3bde932299728fd7acaf6fea56a64968b4237d68fc3
0,        111,        111,        1,  1382400, 9ef9fca879eabb790c987d5da383460a9a7a17917caa53b0666894dba85865b2
0,        112,        112,        1,  1382400, 5ef4a1f6c203abd8031a269f3a7e0eadcdb2736c0ae5f1b67d3dde66a2fe8c27
0,        113,        113,        1,  1382400, b125af9c9a1c910aa441cb5634ee1016ab5feb3f7a66b29db7ede10d55a9cde2
0,        114,        114,        1,  1382400, f5d7e2f97b8dc90e1771c94bb89be9ee285ad0483e3a39008e9d64728918ab1a
0,        115,        115,        1,  1382400, 50f91fd6dfeaffd35888d4bbd7a3573889b0692569b5dfe9c36fc2e7a6045750
0,        116,        116,        1,  1382400, 50dcc5b5c2828c1acb55fe6af50b174e39e050e63d2f91f6ef4f143ae2baefc4
0,        117,        117,        1,  1382400, b744405feb6af0776adec6294e5189ba61250012fc62d0ca9871cbafc7da425a
0,        118,        118,        1,  1382400, 1454d850686427bf6593e56b8b298ed58440181bab48dd38138a93315a3d7e1c
0,        119,        119,        1,  1382400, 9c3a4fb522673412ca2c8844b293e502a1ef7045d1ebe07f013bccf17341f89a
0,        120,        120,        1,  1382400, 1f10c423cdbaaecb588c9caaf768b9c7822b4ae5f090eb3fe525469bae41bca5
0,        121,        121,        1,  1382400, afdf6a4cb2e60bde7ba79102a928b846a7cbc43454587fde7370ef25600dee55
0,        122,        122,        1,  1382400, b3474bc3d3cd09133f5836950942021be6423c980eebb4fca1296d089e9d39f9
0,        123,        123,        1,  1382400, 2552a4ea78afb7e9037c0e50dc9ce3279ee197babadf76a8caa8ab71df763e9e
0,        124,        124,        1,  1382400, 6c2622657eef2b62f9eb63ed54b3964af33149eecefad52818e5611cae6cbb8d
0,        125,        125,        1,  1382400, 29141f649de04180760939183dc8860b83af7ed4aaf33a8b8d9fc3cc8c903700
0,        126,        126,        1,  1382400, ef026f486e43af1ed67305bf00c2ae0519c82a04840e299b104606e6ed1e2fb2
0,        127,        127,        1,  1382400, 37e07989f3fc30afe465e6b5a9a03e6654b074f7c625c2c8ea0287daa3338b47
0,        128,        128,        1,  1382400, cb717d9c7bcf57a133b94ccdb702856885702c5ea85423b0cfb7985196eb2b16
0,        129,        129,        1,  1382400, 200ff973fbfc8e7c00f38a352278265891553f6c9a03bbec5c3a24c47a58f6ef
0,        130,        130,        1,  1382400, e4d988ebde33431d291a3de5c650a03df7dd9fc7b953f0b6651af615f62cef8b
0,        131,        131,        1,  1382400, 8b66ab29faa9c02315e5c3e189dda51fca61bd5a3d29ba03bbaaf6c95acac9a9
0,        132,        132,        1,  1382400, cd6b0e0408bcef4880238dd122659cc56b98429ad314e86a06763482b98c14d0
0,        133,        133,        1,  1382400, df149e2aed23fbddad09b6050cf9accceee1f8b9d48be61d6dd60b7aceef3014
0,        134,        134,        1,  1382400, 41ef565679e1c4ac8340d2e9d57ae01865a603f0b6759fb97d182c61922f77bd
0,        135,        135,        1,  1382400, d697003a6fb1e8b15aa5f9178a0daed8f3b4382aa2593a9c6e02a466c5e8ee11
0,        136,        136,        1,  1382400, b5bf757af3f8cf63840a9ca248a6353847ddbe55b053277326b0be212997b6ee
0,        137,        137,        1,  1382400, 2292ea3cd3f7e2d02b4e0b56dde38ac4bad1cecb28bdaa2e8dc502d29e5b7dc1
0,        138,        138,        1,  1382400, 397b2c067fe91e470335aba6e8076303cd07757ff2a42394ba1531ee80b62409
0,        139,        139,        1,  1382400, 42e872688ab0ee9cd88c65d7021ce578384da1100c93d7f6939c7426d0fddec3
0,        140,        140,        1,  1382400, 191c6af84b7e82d397cf429256b1bdc6536106cf7ba3dbe973c5dd6172d05bf7
0,        141,        141,        1,  1382400, ab468815fa7a5f9a7627cddaa46d9a8ebd8906c8f3da4a31d8b909fc66b8f9c8
0,        142,        142,        1,  1382400, 7b0f7166eaa2002c1b6c88cc2a1e258e0b2d527102354de7595764e38ee03110
0,        143,        143,        1,  1382400, a6c81c0192cefa2a6a4a5e65528aa6c51121b0c151f6b4b48824679844da2ebe
0,        144,        144,        1,  1382400, ae57e0a9e4d0ebb606c646886c66e85e53c868f5e90d2879ebd2c96c76370fea
0,        145,        145,        1,  1382400, 265351c7379a25093a5927ecb00204d53ecd07641b0867ee4e6dfb30ab424054
0,        146,        146,        1,  1382400, a78a92eb3d2d65f6224949084841e8940cdec7f72043380b15feb7587fb54214
0,        147,        147,        1,  1382400, 76cae0167cf0dfa5e498afdda1c8b0d777b2db2fafe1f3d966fa9de6113e073b
0,        148,        148,        1,  1382400, 57ec8287eabf07233862ca221cf2798990017e4c9f64897dc731173aef339a41
0,        149,        149,        1,  1382400, 541e7a90d52240eeace0a1bde84e9c08dcc6cbf8d2015fecc7dafbb623fb76f8
0,        150,        150,        1,  1382400, 7d898d20deea91cab74afbab74dc0fecfbfb808beb19fe772b4d4add70a61c3f
0,        151,        151,        1,  1382400, 45c9917d4321d613333fd2d1c2ed77e59fea36fab5d30251b7a5b3de7815ac3c
0,        152,        152,        1,  1382400, 8a72fd11323048645f01334a010242306c024884a7fba2d48711999c31464ae8
0,        153,        153,        1,  1382400, b579bc86cc13b7fd341dd7e4daafadc494352cd0c6d6b21f15f38917a94074fe
0,        154,        154,        1,  1382400, 28ca48fdea8e27b13fd44711ffeffeabb89a77d81c6f0ed5b1515e7c2f2332c9
0,        155,        155,        1,  1382400, 0740b5be770c1736eb58e1e1954b7a5cdc36dddfc5122b1db735eb04fa3a7d35
0,        156,        156,        1,  1382400, 0fb777a012a04ff530b48282c4b882771689d4de679e0d4280d940b20671f281
0,        157,        157,        1,  1382400, a1fffd3aad7dea60317bd75bb86cbc76a4d4b1c69ec138c2698c808889237d31
0,        158,        158,        1,  1382400, 665566c742fde9319653dfa44df27143007e719f7a85873df4cdfe129d8893ad
0,        159,        159,        1,  1382400, c7c155fa3077c3252f1b99176f01f286f63d8942c5e0550686a7a947e88bbc31
0,        160,        160,        1,  1382400, dd5d6ab7bb271cc83a9df49af3445131d4360fe6f71771cabab9bedc225affc8
0,        161,        161,        1,  1382400, e6d66a7d87949796b6a41acd54462dc3b532d5ac71ef27368a3e932439012ea5
0,        162,        162,        1,  1382400, 09cefe0c802827aa44aad40d7e3116b02fdb0e415171c23d23e5fbff7efbc518
0,        163,        163,        1,  1382400, 7f103b7fdc5c5535ad2adc2294c1bcb75c514b91161b496d0d354c382fadd93a
0,        164,        164,        1,  1382400, eb28322d63ac3d22f3fc13577bf57ad53639bb6f84f36ba3aef4b6b144f706f3
0,        165,        165,        1,  1382400, 486f882dcb8b7f373b7692097fc5fe7cf78f1182a3e6c4ada52ee8b7359b49dd
0,        166,        166,        1,  1382400, 0cb070f16c43788351a4a12b9927b0a3ca98bfa326f0b6f5630c9e323a901848
0,        167,        167,        1,  1382400, 69f7750e38266caba4374f1fd949a5c426b1eaf13b88ddb5c2fb194de8227c61
0,        168,        168,        1,  1382400, 00de29c73f43175b55a1da401f0f31c684aeedf17a1db5124c99cd10c45d7ae7
0,        169,        169,        1,  1382400, eab8e7507ae67955b01667896a987512904051bc59d22bfa3ca654e9199302ac
0,        170,        170,        1,  1382400, f769a050704f576f481b0ce259caf25f36fa94fe15cd14b5a7cd040ba7f41177
0,        171,        171,        1,  1382400, 70dbfe5d9197df81fd0612c69cf69d0ce103151ceaf01359c95ef73152bd34f2
0,        172,        172,        1,  1382400, 5c423e4cfb2c48de2ad65d242fc1bf3f599ad0d911149be47e03d655206ab1ca
0,        173,        173,        1,  1382400, 7c3285eac6d0ed8d8ce8c3f1cc3c4506adb916ba5ede4b9a51d07565b6ba1f0a
0,        174,        174,        1,  1382400, 0f69a464a0297b34edc031653bf60c9eff6ea4ae388f0bd58f1abcc8afebb07d
0,        175,        175,        1,  1382400, d9cf91e416b18e383b358159651718800db94b0c8857b7d7730d9d262c02a866
0,        176,        176,        1,  1382400, ee5993b8e71dd54c8be4504fa093b10d9ba61649840d14017df19db96d89d7be
0,        177,        177,        1,  1382400, 98cae67727fec9109640e6b6db52fd5e512f4eb502ab4e26bf75ed5b32f7f33e
0,        178,        178,        1,  1382400, 68c56d0075ba014545fb93282045d2450d7e787743cc33d9a891b198bf07d637
0,        179,        179,        1,  1382400, a578ed5def1c2569ea2c67e329e3680636e48844171e6a8df598950551d0b005
0,        180,        180,        1,  1382400, 475471fc2b8a2ed165ea8a3c4ae99fbf93a0a637b705acefe4461f2347512bb2
0,        181,        181,        1,  1382400, c34b056b97ab9dd928d00b117f624b81a64a362b3f637b17b1fb5a5cbe5830a6
0,        182,        182,        1,  1382400, ada8cb4a16b7f8ad1d58da81a2df5fc90640896e115e1375116073a7a6a0a694
0,        183,        183,        1,  1382400, f9c1fa6b8945d86823a98eb72a9dc52619bd340485cd0e9769dab48be7b2b97c
0,        184,        184,        1,  1382400, 416bb7c87d3539dd2d41bf0449def4c0965030d49f983c7028343085a491eb1e
0,        185,        185,        1,  1382400, 19d32d4e49fe94c2a681ee1572a386144c4ab9ddc2ea1a2214a11dd68b3335b0
0,        186,        186,        1,  1382400, b893aea3db4db6904f26354bff3917a6dbf07c90fc921d75963f5c179ab02587
0,        187,        187,        1,  1382400, 3f1ebbc879bce724f6e386cad20b6c6f414bd1e8a13bcd3c2145eb8c6628366b
0,        188,        188,        1,  1382400, ba97357dfdab70f883cba53aa597703b2545252b0ba5ffd5de6ccf35917e9e7c
0,        189,        189,        1,  1382400, 52d73e658f51350fcc4bfe893e3661edc5cffa69a954b435b88a3ac2771b990b
0,        190,        190,        1,  1382400, 938efddadcd710b7f9be5af6c3d6e0230ac255704e16504eb2fc90a70ef2e776
0,        191,        191,        1,  1382400, 7ac28bbce897c7b64309720efec6ef6e102b937cc303f5d904a189c48abf5bac
0,        192,        192,        1,  1382400, 0770d5a04c0d5e93ed67c5fc2c9803ea048c7aa95a47f26ba9218cccb509c30f
